========= Latitudinal step (deg) ================================
2.5
========= levels depth ==========================================
    0.   50.  100.  200.  300.  400.  500.  600.  700.  800. 1000. 
 1250. 1500. 1750. 2000. 2500. 3000. 3500. 4000. 4500. 5000.
======== ocean geography/DEPTH ==================================
NS\NOC   1    2    3
-----------------------
 1       3    3    3
 2       3    3    3
 3       3    3    3
 4       3    3    3
 5       3    1    1.5
 6       2    1    1.5
 7       2    1    1.5
 8       2    1    1.5
 9       2    0    0   
10       1.5  0    0   
11       1.5  0    0   
12       1    0    0   
13       1    0    0.5
14       1.5  0    1.
15       1.5  0    1.5
16       2.   0    3
17       4    0    4
18       5    0    5
19       5    0    5
20       5    0    5
21       5    1    5
22       5    1    5
23       5    1    5
24       5    1    5
25       5    0    5
26       5    0    5
27       5    0    5
28       5    0    5
29       5    4    5
30       5    4    5
31       5    4    5
32       5    4    5
33       5    5    5
34       5    5    5
35       5    5    5
36       5    5    5
37       5    5    5
38       5    5    5
39       5    5    5
40       5    5    5
41       5    5    5
42       5    5    5
43       5    5    5
44       5    5    5
45       5    5    5
46       5    5    5
47       5    5    5
48       5    5    5
49       5    5    5
50       5    5    5
51       5    5    5
52       5    5    5
53       5    5    5
54       5    5    5
55       5    5    5
56       5    5    5
57       5    5    5
58       5    5    5
59       5    5    5
60       5    5    5
61       5    5    5
62       5    5    5
63       5    5    5
64       5    5    5
65       5    0    5
66       2    0    2
67       1    0    1
68       0.5  0    0.5
69       0    0    0
70       0    0    0
71       0    0    0
72       0    0    0
======= zonal flux mask MX ======================================
NS\NOB  1    2    3    4
------------------------------------
 1      1    1    1    1
 2      1    1    1    1
 3      1    1    1    1
 4      1    1    1    1
 5      1    1    1    1
 6      1    1    1    1
 7      1    1    1    1
 8      1    1    1    1
 9      0    0    0    0
10      0    0    0    0
11      0    0    0    0
12      0    0    0    0
13      0    0    0    0
14      0    0    0    0
15      0    0    0    0
16      0    0    0    0
17      0    0    0    0
18      0    0    0    0
19      0    0    0    0
20      0    0    0    0
21      0    1    0    0
22      0    1    0    0
23      0    1    0    0
24      0    1    0    0
25      0    0    0    0
26      0    0    0    0
27      0    0    0    0
28      0    0    0    0
29      0    0    0    0
30      0    0    0    0
31      0    0    0    0
32      0    0    0    0
33      0    0    1    0
34      0    0    1    0
35      0    0    1    0
36      0    0    1    0
37      0    0    0    0
38      0    0    0    0
39      0    0    0    0
40      0    0    0    0
41      0    0    0    0
42      0    0    0    0
43      0    0    0    0
44      0    0    0    0
45      0    0    0    0
46      0    0    0    0
47      0    0    0    0
48      0    0    0    0
49      0    0    0    0
50      0    0    0    0
51      0    0    0    0
52      0    0    0    0
53      1    1    1    1
54      1    1    1    1
55      1    1    1    1
56      1    1    1    1
57      1    1    1    1
58      1    1    1    1
59      1    1    1    1
60      1    1    1    1
61      1    1    1    1
62      1    1    1    1
63      1    1    1    1
64      1    1    1    1
65      0    0    0    0
66      0    0    0    0
67      0    0    0    0
68      0    0    0    0
69      0    0    0    0
70      0    0    0    0
71      0    0    0    0
72      0    0    0    0
========== END =========
