  0.880730   0.254170   0.495125   0.572900   0.135539
  0.371468   0.787494   0.304138   0.657357   0.459383
  0.939574   0.858891   0.176642   0.952984   0.498638
  0.703460   0.867022   0.404232   0.007717   0.718862
  0.091471   0.030499   0.459889   0.106162   0.600127
  0.849408   0.991016   0.784208   0.913674   0.144863
  0.025444   0.414627   0.912751   0.566648   0.056793
  0.820207   0.766200   0.611102   0.963332   0.377102
  0.216998   0.524169   0.563705   0.022490   0.882666
  0.724769   0.461436   0.363235   0.349677   0.478119
  0.294337   0.215540   0.725851   0.160077   0.672640
  0.429963   0.643524   0.544667   0.355412   0.534383
  0.239600   0.868033   0.540055   0.287972   0.581861
  0.435249   0.733237   0.756201   0.147409   0.466809
  0.351873   0.956741   0.464644   0.372241   0.122844
  0.929922   0.384615   0.755821   0.567917   0.664608
  0.392200   0.912495   0.956920   0.781389   0.226637
  0.204640   0.195624   0.826086   0.795686   0.887041
  0.260455   0.927602   0.807045   0.459159   0.862376
  0.303304   0.977508   0.378207   0.247671   0.419114
  0.408806   0.658909   0.028796   0.319652   0.201680
  0.836253   0.314524   0.701776   0.241454   0.076697
  0.963035   0.327712   0.549614   0.342863   0.089643
  0.876393   0.299667   0.432718   0.329354   0.838074
  0.047777   0.418020   0.999638   0.894796   0.577367
  0.295569   0.708970   0.488660   0.128749   0.003071
  0.448806   0.339369   0.636073   0.308548   0.394718
  0.682892   0.906509   0.842616   0.639112   0.423571
  0.311958   0.067392   0.854455   0.808940   0.706217
  0.831958   0.340533   0.640021   0.477528   0.698338
  0.330711   0.028547   0.201089   0.408236   0.016677
  0.226216   0.530479   0.043740   0.438044   0.136910
  0.548769   0.375284   0.371265   0.179287   0.374785
  0.036051   0.369934   0.582453   0.221082   0.896973
  0.822558   0.510195   0.018350   0.928284   0.908224
  0.062650   0.516913   0.442345   0.653747   0.944774
  0.029046   0.409956   0.061886   0.066845   0.339274
  0.510355   0.515889   0.607030   0.044237   0.258884
  0.137340   0.714280   0.444196   0.753201   0.400620
  0.800889   0.239813   0.863816   0.992272   0.382246
  0.107551   0.364672   0.271987   0.390809   0.558991
  0.231968   0.946200   0.689522   0.937229   0.907214
  0.321179   0.590143   0.324234   0.293529   0.296350
  0.421939   0.407496   0.980507   0.819625   0.727715
  0.423219   0.632935   0.125925   0.978282   0.915993
  0.562553   0.600896   0.231181   0.470145   0.160575
  0.806094   0.861000   0.217151   0.672810   0.027083
  0.771101   0.101899   0.345872   0.133160   0.072604
  0.984493   0.100956   0.886350   0.004490   0.776940
  0.997757   0.080212   0.190444   0.272767   0.001425
  0.100712   0.638135   0.553547   0.707196   0.010040
  0.023279   0.162978   0.765767   0.717434   0.362340
  0.268775   0.267244   0.109102   0.469692   0.131049
  0.668058   0.107066   0.552083   0.230015   0.026312
  0.287992   0.565479   0.130155   0.898151   0.373996
  0.978170   0.044534   0.336676   0.138706   0.350320
  0.837957   0.367607   0.300372   0.214756   0.077551
  0.139865   0.126594   0.665128   0.357915   0.430888
  0.574867   0.016624   0.321683   0.555719   0.214359
  0.776747   0.598043   0.421089   0.134879   0.173745
  0.953791   0.982154   0.959378   0.637346   0.025336
  0.653392   0.605444   0.805520   0.678664   0.250746
  0.706350   0.719081   0.104791   0.102236   0.985716
  0.870736   0.222513   0.597209   0.324969   0.875509
  0.409068   0.624858   0.077762   0.866766   0.848290
  0.254961   0.779242   0.855022   0.628613   0.811529
  0.970120   0.698134   0.171319   0.646532   0.273525
  0.223397   0.260904   0.693048   0.921770   0.798822
  0.419602   0.693111   0.110379   0.702745   0.655851
  0.355120   0.957705   0.159381   0.854159   0.822269
  0.374611   0.922036   0.741554   0.912924   0.132846
  0.988881   0.475689   0.614393   0.156466   0.402497
  0.026962   0.989616   0.674164   0.291022   0.167967
  0.613004   0.763085   0.983510   0.236994   0.040675
  0.431521   0.402658   0.287859   0.036311   0.103137
  0.034454   0.073099   0.498899   0.624215   0.832738
  0.964680   0.623820   0.579756   0.722054   0.202974
  0.360221   0.839323   0.881472   0.536381   0.849642
  0.067190   0.983918   0.860828   0.574889   0.799087
  0.087086   0.242534   0.063479   0.966327   0.817383
  0.860351   0.788351   0.970602   0.373687   0.952251
  0.313200   0.141265   0.383556   0.097361   0.946628
  0.487139   0.686385   0.474224   0.512283   0.520278
  0.080893   0.872106   0.103553   0.636584   0.677444
  0.798890   0.561204   0.121090   0.376964   0.502184
  0.126447   0.058247   0.925737   0.400219   0.299285
  0.539155   0.470339   0.535779   0.729657   0.395668
  0.651512   0.035538   0.450167   0.565208   0.379250
  0.064864   0.436803   0.343095   0.541449   0.384336
  0.238207   0.850265   0.057350   0.901905   0.320276
  0.610799   0.929134   0.887592   0.033116   0.118850
  0.093066   0.289662   0.140520   0.713624   0.578497
  0.557485   0.607474   0.602025   0.264452   0.457080
  0.749615   0.179453   0.410496   0.904575   0.355952
  0.484888   0.826924   0.878116   0.686747   0.194531
  0.973204   0.993298   0.087145   0.502197   0.866453
  0.341613   0.052539   0.179832   0.675314   0.541450
  0.199789   0.455424   0.562678   0.597835   0.371470
  0.676443   0.420375   0.962243   0.892603   0.322938
  0.524341   0.999765   0.668488   0.742532   0.255362
  0.568514   0.495772   0.518295   0.195577   0.746243
  0.717168   0.464950   0.435639   0.101013   0.082481
  0.499385   0.023878   0.536705   0.917252   0.618967
  0.012442   0.657663   0.977701   0.479075   0.916486
  0.520888   0.769101   0.899579   0.956484   0.233448
  0.629384   0.844630   0.434727   0.055976   0.629429
  0.514674   0.556678   0.041394   0.117435   0.191051
  0.954607   0.050078   0.185237   0.743000   0.971639
  0.474408   0.861889   0.412776   0.848605   0.263990
  0.427262   0.581940   0.789095   0.452522   0.172094
  0.946733   0.331777   0.729778   0.684774   0.509978
  0.255317   0.386462   0.539707   0.422180   0.442884
  0.935264   0.417199   0.166085   0.243026   0.474204
  0.279597   0.907995   0.413954   0.746977   0.448156
  0.464122   0.593797   0.761409   0.785006   0.428742
  0.112177   0.056497   0.987656   0.513586   0.345339
  0.475005   0.240818   0.575549   0.229686   0.912496
  0.410632   0.424619   0.856737   0.876389   0.537428
  0.129358   0.943326   0.554049   0.674895   0.482973
  0.185632   0.319535   0.008922   0.110037   0.972354
  0.101561   0.699098   0.806256   0.057820   0.471367
  0.561661   0.134725   0.257587   0.797178   0.083886
  0.521989   0.776879   0.632033   0.059401   0.217229
  0.491216   0.492730   0.858097   0.148632   0.443555
  0.425476   0.616986   0.919914   0.809201   0.028535
  0.844082   0.349655   0.941764   0.402727   0.102300
  0.525042   0.910364   0.013995   0.559807   0.130407
  0.738921   0.423183   0.455997   0.760639   0.163069
  0.966942   0.814269   0.312913   0.048798   0.927947
  0.523619   0.696536   0.373645   0.424195   0.714471
  0.395561   0.945433   0.046221   0.143017   0.451983
  0.336775   0.507034   0.625726   0.162788   0.695780
  0.462857   0.661109   0.346279   0.716657   0.720704
  0.110948   0.722766   0.053849   0.205312   0.653877
  0.807611   0.245791   0.016443   0.885524   0.624608
  0.789676   0.985221   0.191846   0.132846   0.519966
  0.147930   0.559903   0.356012   0.669838   0.490331
  0.592663   0.833791   0.908034   0.242770   0.155695
  0.270045   0.533659   0.824379   0.142285   0.592824
  0.450982   0.566730   0.047963   0.208160   0.481697
  0.835020   0.828875   0.969613   0.859714   0.747706
  0.814962   0.987748   0.559463   0.681455   0.682396
  0.892336   0.538562   0.942923   0.062187   0.709483
  0.626831   0.351807   0.955451   0.688428   0.365106
  0.269961   0.500147   0.660478   0.251423   0.638784
  0.914171   0.451324   0.754131   0.149562   0.559640
  0.866216   0.196696   0.723942   0.087065   0.017327
  0.720302   0.279149   0.961398   0.125442   0.554471
  0.609031   0.090034   0.733279   0.858917   0.479443
  0.650280   0.321002   0.010629   0.299783   0.929427
  0.584804   0.547761   0.083915   0.869540   0.793952
  0.276939   0.618175   0.581143   0.945180   0.533460
  0.569525   0.078974   0.771380   0.664602   0.583683
  0.316592   0.308307   0.044392   0.891821   0.463304
  0.454720   0.823241   0.790362   0.911308   0.553963
  0.531701   0.759441   0.657748   0.708406   0.723238
  0.957682   0.046008   0.815805   0.616610   0.330399
  0.678310   0.576240   0.867604   0.237347   0.934418
  0.763042   0.749945   0.631817   0.345792   0.919719
  0.541878   0.606256   0.525214   0.225837   0.159222
  0.502291   0.262259   0.054433   0.733494   0.012005
  0.052598   0.257529   0.681605   0.480165   0.356436
  0.000454   0.017924   0.416536   0.583038   0.189811
  0.673968   0.633986   0.398299   0.697366   0.659663
  0.747912   0.241498   0.079318   0.571995   0.539666
  0.895632   0.545485   0.161237   0.560315   0.665301
  0.404310   0.718764   0.048163   0.705928   0.768379
  0.368230   0.476777   0.804704   0.514159   0.879346
  0.757534   0.209865   0.814161   0.529095   0.824471
  0.933358   0.006183   0.335448   0.067304   0.396090
  0.948317   0.401790   0.029186   0.068888   0.792621
  0.961030   0.103199   0.793545   0.454735   0.204103
  0.936627   0.909440   0.685598   0.561513   0.551268
  0.050380   0.032406   0.551405   0.002500   0.314089
  0.150681   0.804225   0.197022   0.631650   0.892512
  0.145795   0.135334   0.906844   0.788481   0.810439
  0.153798   0.147467   0.040800   0.558313   0.090867
  0.667527   0.926194   0.880525   0.632515   0.337452
  0.008736   0.338435   0.963459   0.556708   0.499706
  0.672882   0.620397   0.209233   0.161871   0.961616
  0.214189   0.013648   0.150533   0.451816   0.124439
  0.075431   0.072846   0.543832   0.660831   0.146861
  0.878921   0.631051   0.212264   0.997841   0.805586
  0.391675   0.408365   0.188453   0.005699   0.470583
  0.382541   0.964896   0.145808   0.119602   0.812491
  0.465570   0.967567   0.092584   0.292998   0.307179
  0.272091   0.459030   0.673513   0.553613   0.625563
  0.245690   0.845381   0.521033   0.032435   0.552858
  0.989742   0.499395   0.349473   0.532085   0.329543
  0.197572   0.619353   0.702853   0.970015   0.940330
  0.140318   0.821046   0.458689   0.856653   0.562752
  0.863166   0.934788   0.005883   0.676496   0.488731
  0.094502   0.003701   0.407216   0.116146   0.614814
  0.549527   0.041141   0.608399   0.447269   0.476808
  0.808601   0.665009   0.569102   0.196714   0.323265
  0.960087   0.720253   0.624008   0.396335   0.334996
  0.547409   0.318919   0.843980   0.414205   0.803777
  0.865742   0.914300   0.893156   0.865762   0.635050
  0.890382   0.210461   0.168778   0.109409   0.257258
  0.157436   0.457225   0.470975   0.330150   0.649496
  0.729124   0.029337   0.979768   0.630141   0.755275
  0.702756   0.345323   0.302824   0.655595   0.963320
  0.631106   0.207987   0.844051   0.218470   0.013478
  0.558201   0.380974   0.590390   0.428954   0.403108
  0.546588   0.383977   0.558173   0.346427   0.361490
  0.634709   0.953942   0.972282   0.607604   0.561729
  0.347038   0.008553   0.932657   0.209532   0.064115
  0.453104   0.054799   0.984888   0.261801   0.726444
  0.443162   0.301279   0.882095   0.184981   0.182154
  0.312995   0.764818   0.440852   0.435428   0.392416
  0.617409   0.952182   0.291002   0.461000   0.617703
  0.143925   0.729459   0.454446   0.011210   0.982092
  0.680355   0.225263   0.656903   0.449111   0.645921
  0.331910   0.626079   0.508903   0.962316   0.576955
  0.872616   0.881308   0.574202   0.969702   0.068149
  0.850530   0.328582   0.298253   0.336650   0.269208
  0.098355   0.794530   0.782938   0.577109   0.804611
  0.887386   0.326113   0.986321   0.497856   0.567161
  0.636499   0.911364   0.408985   0.073092   0.192776
  0.553364   0.622754   0.638042   0.474076   0.616389
  0.323145   0.577946   0.715598   0.145179   0.142851
  0.977619   0.809009   0.134521   0.193389   0.550793
  0.603866   0.744586   0.577167   0.611593   0.640510
  0.495632   0.298423   0.064015   0.771222   0.291197
  0.552530   0.637643   0.580763   0.552162   0.166710
  0.643713   0.114771   0.497672   0.498507   0.321663
  0.619689   0.200463   0.355476   0.620790   0.116099
  0.891169   0.406082   0.676105   0.983168   0.372585
  0.681366   0.817853   0.952556   0.525809   0.435651
  0.038516   0.393887   0.472263   0.617176   0.872844
  0.932020   0.014629   0.135659   0.547613   0.763930
  0.131283   0.433373   0.744236   0.749171   0.444012
  0.250595   0.707764   0.428492   0.919903   0.668963
  0.307360   0.651784   0.612744   0.679662   0.728148
  0.455863   0.815168   0.840256   0.387309   0.942655
  0.358799   0.488318   0.526679   0.507571   0.556140
  0.899578   0.237170   0.248709   0.137829   0.843630
  0.010375   0.381966   0.732689   0.190655   0.315543
  0.517140   0.601400   0.308072   0.622951   0.841301
  0.158205   0.226505   0.647557   0.010651   0.153554
  0.889658   0.519420   0.437674   0.440587   0.054569
  0.194481   0.071618   0.361689   0.918135   0.783345
  0.604091   0.150705   0.584253   0.258354   0.573953
  0.148027   0.525984   0.937362   0.902724   0.694627
  0.056067   0.813312   0.116048   0.822010   0.662814
  0.560663   0.916023   0.446322   0.018402   0.121150
  0.896972   0.728459   0.258996   0.718807   0.897218
  0.780117   0.005600   0.749687   0.699796   0.951820
  0.177174   0.625536   0.909346   0.964299   0.797932
  0.559186   0.754793   0.250721   0.186736   0.615754
  0.538124   0.930004   0.888062   0.619498   0.873257
  0.805253   0.893964   0.263102   0.386786   0.200604
  0.342564   0.717758   0.146738   0.837527   0.796568
  0.244477   0.002495   0.513677   0.305550   0.411160
  0.085853   0.796232   0.506951   0.482455   0.261303
  0.811814   0.498212   0.424563   0.280973   0.540004
  0.911277   0.079117   0.978806   0.182365   0.246017
  0.945502   0.248321   0.786952   0.506988   0.568169
  0.359969   0.124077   0.425882   0.377527   0.288185
  0.823371   0.961738   0.127140   0.994083   0.485530
  0.293501   0.218399   0.504593   0.598158   0.091063
  0.623449   0.612283   0.451007   0.846200   0.280328
  0.920592   0.276157   0.531479   0.083213   0.656980
  0.618487   0.712117   0.389438   0.537487   0.935022
  0.843906   0.198124   0.565992   0.784940   0.391206
  0.551232   0.774364   0.203760   0.061603   0.247935
  0.160433   0.954096   0.204621   0.579448   0.823284
  0.259409   0.167200   0.193824   0.401486   0.004529
  0.581992   0.949948   0.491871   0.925951   0.292656
  0.015610   0.362933   0.236785   0.950551   0.484610
  0.266758   0.088220   0.659683   0.122478   0.109080
  0.838871   0.778855   0.242428   0.725766   0.967393
  0.567801   0.250917   0.877841   0.878858   0.595684
  0.727695   0.193316   0.752792   0.253479   0.529794
  0.438054   0.723494   0.975998   0.240467   0.660781
  0.350189   0.697589   0.917201   0.003164   0.152916
  0.625675   0.591491   0.240600   0.084253   0.741019
  0.666789   0.898483   0.126473   0.259973   0.501099
  0.379351   0.757892   0.221109   0.842794   0.885979
  0.796407   0.660649   0.626925   0.996158   0.154304
  0.291661   0.973728   0.144161   0.573825   0.244201
  0.983049   0.739629   0.443056   0.052310   0.546155
  0.262776   0.513104   0.186955   0.533073   0.340008
  0.519273   0.629739   0.791859   0.213694   0.277379
  0.905415   0.469759   0.465329   0.715776   0.388167
  0.994831   0.317962   0.395149   0.870139   0.587106
  0.565426   0.550450   0.338645   0.397842   0.198977
  0.048555   0.819297   0.965499   0.121605   0.236555
  0.658631   0.564640   0.883234   0.015211   0.308950
  0.972744   0.022838   0.081848   0.335458   0.114317
  0.746457   0.846641   0.869525   0.723326   0.671261
  0.189970   0.548994   0.477817   0.981643   0.275819
  0.469666   0.243082   0.850198   0.991828   0.251905
  0.958423   0.773227   0.528083   0.680108   0.181748
  0.982380   0.368576   0.928320   0.625021   0.237283
  0.924713   0.120476   0.496223   0.903721   0.686113
  0.818904   0.293879   0.207088   0.618173   0.740378
  0.759696   0.094213   0.546990   0.500250   0.399778
  0.599229   0.715666   0.862193   0.056404   0.532091
  0.014710   0.118450   0.898165   0.548978   0.137277
  0.770434   0.156268   0.113910   0.656625   0.248653
  0.962370   0.758246   0.687605   0.550496   0.325417
  0.586812   0.311757   0.822800   0.158887   0.730237
  0.176404   0.489378   0.813429   0.211846   0.367211
  0.912199   0.031433   0.875286   0.423597   0.998041
  0.154572   0.148315   0.585292   0.668290   0.057552
  0.344129   0.904248   0.968914   0.726712   0.679649
  0.322620   0.465197   0.604887   0.763302   0.636717
  0.830476   0.554452   0.650228   0.058711   0.931155
  0.821090   0.175715   0.074106   0.868156   0.918907
  0.577325   0.781389   0.613026   0.939435   0.433250
  0.200098   0.537335   0.688627   0.933121   0.859772
  0.875326   0.378397   0.283709   0.568657   0.475462
  0.477550   0.479589   0.085284   0.260490   0.242138
  0.627281   0.444366   0.859580   0.938923   0.954988
  0.656064   0.585103   0.229654   0.090228   0.002690
  0.582877   0.158111   0.903634   0.348847   0.157215
  0.883952   0.731081   0.808338   0.782858   0.218679
  0.742809   0.160704   0.276090   0.120281   0.878818
  0.066958   0.568406   0.401698   0.255574   0.708432
  0.753490   0.065302   0.770140   0.379940   0.906620
  0.825619   0.998264   0.619422   0.231742   0.996576
  0.907144   0.159456   0.482046   0.604853   0.508036
  0.730090   0.859575   0.375345   0.040412   0.343211
  0.573425   0.968915   0.196304   0.804501   0.705573
  0.867056   0.669896   0.066241   0.601767   0.770067
  0.020963   0.713554   0.070691   0.077654   0.524469
  0.105323   0.670371   0.802848   0.612205   0.085717
  0.432652   0.315204   0.809820   0.692621   0.313071
  0.278673   0.127968   0.849180   0.542583   0.086096
  0.856281   0.051447   0.684263   0.839095   0.412031
  0.152334   0.230336   0.591580   0.775961   0.286597
  0.292682   0.783449   0.995574   0.549450   0.515347
  0.919321   0.775125   0.560122   0.802040   0.386880
  0.901886   0.840556   0.009983   0.089327   0.758954
  0.415196   0.447760   0.885944   0.113076   0.071276
  0.934955   0.324821   0.068203   0.144707   0.821178
  0.793074   0.468858   0.924344   0.496358   0.310195
  0.699428   0.711518   0.778258   0.522470   0.917841
  0.576755   0.486516   0.060229   0.832439   0.418268
  0.169113   0.069508   0.982343   0.652787   0.316405
  0.645120   0.377057   0.823382   0.690436   0.535645
  0.595141   0.887116   0.728252   0.279261   0.901756
  0.141662   0.154201   0.667716   0.017488   0.536411
  0.485672   0.152360   0.943086   0.365456   0.352480
  0.234539   0.060369   0.071836   0.638645   0.279634
  0.471350   0.762636   0.004546   0.836721   0.543247
  0.057691   0.716910   0.090771   0.890541   0.417485
  0.261598   0.133207   0.124688   0.833797   0.874434
  0.285309   0.803511   0.587371   0.360197   0.228103
  0.639959   0.558766   0.326079   0.993725   0.807506
  0.370900   0.746856   0.035386   0.599224   0.221556
  0.407371   0.093136   0.251227   0.643206   0.759787
  0.084894   0.692766   0.759213   0.380304   0.707539
  0.308595   0.275668   0.985152   0.315522   0.311220
  0.039769   0.689712   0.169305   0.974402   0.149879
  0.874154   0.138622   0.409654   0.303653   0.771224
  0.144360   0.428801   0.173004   0.961285   0.527169
  0.405212   0.337145   0.184110   0.823277   0.868817
  0.512921   0.137677   0.836963   0.872496   0.256383
  0.710036   0.886316   0.194917   0.821428   0.125896
  0.980698   0.553457   0.480458   0.847747   0.473703
  0.879628   0.027308   0.758834   0.091663   0.831500
  0.995032   0.738987   0.748487   0.843198   0.607843
  0.288724   0.202780   0.096947   0.217570   0.772434
  0.089307   0.853723   0.487465   0.538793   0.855427
  0.348892   0.086498   0.038530   0.351782   0.877592
  0.772114   0.208125   0.329280   0.516816   0.161740
  0.353755   0.856890   0.210995   0.014388   0.358425
  0.206640   0.807621   0.593249   0.810282   0.196443
  0.018752   0.664723   0.933334   0.157483   0.514553
  0.030864   0.307455   0.522489   0.971434   0.690023
  0.689050   0.047034   0.973645   0.492685   0.393760
  0.868997   0.471207   0.468897   0.419728   0.092580
  0.329816   0.462972   0.147893   0.189229   0.673053
  0.201459   0.511803   0.739640   0.250423   0.332384
  0.971298   0.199542   0.148477   0.494005   0.621024
  0.621624   0.157454   0.846485   0.590482   0.925236
  0.367090   0.990751   0.921353   0.163378   0.604236
  0.790893   0.015794   0.827251   0.410083   0.956685
  0.580687   0.760550   0.045678   0.739245   0.126039
  0.305962   0.748410   0.347003   0.761514   0.597034
  0.486516   0.727825   0.026425   0.475756   0.965006
  0.488466   0.146453   0.246243   0.343448   0.863786
  0.956505   0.829725   0.652465   0.647627   0.683581
  0.479455   0.514864   0.605724   0.028817   0.088916
  0.705321   0.173562   0.153766   0.495638   0.055551
  0.233509   0.149904   0.776928   0.284507   0.385572
  0.378561   0.735562   0.670422   0.312886   0.175402
  0.184380   0.363209   0.270513   0.701883   0.725922
  0.109308   0.294948   0.223793   0.986018   0.243714
  0.399643   0.404840   0.476959   0.333960   0.023460
  0.913412   0.639387   0.564367   0.706657   0.641346
  0.113285   0.180485   0.992971   0.569937   0.398125
  0.041155   0.055616   0.315565   0.368901   0.447222
  0.106193   0.663126   0.225251   0.776529   0.847241
  0.051918   0.580583   0.637826   0.526960   0.674489
  0.976417   0.743911   0.037569   0.457545   0.304206
  0.190512   0.673032   0.311458   0.341032   0.133079
  0.235491   0.986837   0.501336   0.395206   0.569002
  0.550076   0.902358   0.369342   0.517293   0.757120
  0.377716   0.224516   0.712693   0.331902   0.162654
  0.309835   0.177921   0.076192   0.813738   0.733840
  0.882205   0.671565   0.871903   0.698937   0.778508
  0.135327   0.621692   0.414045   0.614541   0.932428
  0.171170   0.416197   0.818739   0.413562   0.945226
  0.082013   0.292335   0.382374   0.889535   0.492381
  0.220919   0.443132   0.297225   0.650280   0.318320
  0.179454   0.503210   0.716598   0.696883   0.928003
  0.713675   0.694619   0.062775   0.714111   0.370023
  0.155495   0.188676   0.838319   0.053579   0.856322
  0.202752   0.830600   0.003515   0.745347   0.278190
  0.955677   0.059297   0.547748   0.778839   0.948800
  0.178392   0.359872   0.286610   0.841475   0.777973
  0.862805   0.895697   0.557168   0.175398   0.647660
  0.437008   0.216760   0.296286   0.076670   0.572731
  0.151299   0.304191   0.735190   0.527045   0.212080
  0.664091   0.594929   0.106647   0.484379   0.993345
  0.660462   0.835618   0.538986   0.275430   0.675954
  0.701358   0.613870   0.072031   0.092272   0.710194
  0.509288   0.526181   0.073816   0.666226   0.039620
  0.468607   0.799424   0.449438   0.165150   0.780169
  0.108750   0.474949   0.542045   0.520984   0.093043
  0.314997   0.925671   0.529778   0.874483   0.262329
  0.791069   0.521404   0.686232   0.273280   0.833074
  0.210944   0.725499   0.328940   0.700642   0.238722
  0.737697   0.959879   0.934027   0.490626   0.666288
  0.132340   0.615632   0.211805   0.661798   0.687111
  0.616987   0.048411   0.181017   0.366724   0.170186
  0.338426   0.827575   0.439392   0.774828   0.557250
  0.859074   0.153172   0.249014   0.227745   0.950369
  0.007774   0.920463   0.165180   0.504620   0.380459
  0.264368   0.573228   0.031623   0.103061   0.425050
  0.412850   0.473170   0.760640   0.721840   0.209642
  0.092591   0.608560   0.868727   0.703913   0.265324
  0.591452   0.454469   0.352880   0.530899   0.926140
  0.937463   0.112390   0.405009   0.528801   0.697136
  0.975954   0.944291   0.301971   0.429390   0.134944
  0.299683   0.873870   0.923902   0.483515   0.865403
  0.696563   0.291159   0.367944   0.735385   0.785973
  0.751554   0.445577   0.489047   0.051447   0.139539
  0.011501   0.376796   0.680085   0.855401   0.722532
  0.346539   0.951450   0.227837   0.263909   0.156318
  0.648759   0.768403   0.833079   0.298415   0.711972
  0.695645   0.129237   0.358446   0.021649   0.319257
  0.236242   0.923920   0.400279   0.228941   0.736152
  0.812915   0.700401   0.971670   0.764549   0.980280
  0.537773   0.249846   0.743937   0.307821   0.702575
  0.530856   0.335567   0.989522   0.432358   0.407920
  0.032002   0.894195   0.154470   0.852546   0.220239
  0.589595   0.752270   0.653035   0.322356   0.764780
  0.536900   0.937084   0.123881   0.976702   0.306107
  0.750216   0.036566   0.322676   0.596399   0.342243
  0.801028   0.792853   0.603218   0.041109   0.187232
  0.792386   0.979280   0.573686   0.562151   0.030349
  0.369615   0.767765   0.530572   0.455676   0.338273
  0.302690   0.641251   0.189645   0.167686   0.650450
  0.596787   0.687061   0.034639   0.409761   0.087511
  0.505540   0.235610   0.025812   0.070206   0.983649
  0.615893   0.066167   0.479100   0.755904   0.854367
  0.396666   0.228814   0.202813   0.192100   0.376773
  0.397685   0.487153   0.828517   0.803001   0.359541
  0.783036   0.247807   0.233296   0.107804   0.456514
  0.903527   0.271952   0.616236   0.027110   0.851068
  0.289207   0.851742   0.922245   0.244171   0.496650
  0.679669   0.261413   0.397887   0.580252   0.108462
  0.068137   0.810770   0.821843   0.491391   0.933909
  0.641313   0.332251   0.456715   0.959686   0.424680
  0.241089   0.494105   0.801538   0.641511   0.731553
  0.504807   0.203489   0.511942   0.845790   0.521768
  0.785598   0.092962   0.264227   0.770435   0.894819
  0.228428   0.502415   0.736245   0.799945   0.839467
  0.974716   0.110867   0.151111   0.152822   0.404808
  0.786754   0.439773   0.902142   0.392781   0.973806
  0.221235   0.710938   0.354535   0.114826   0.858413
  0.969103   0.789868   0.623291   0.249302   0.808421
  0.456744   0.413853   0.615194   0.893681   0.639152
  0.906276   0.184624   0.462534   0.534336   0.284841
  0.508067   0.656764   0.675450   0.965391   0.590524
  0.608093   0.087258   0.666832   0.082646   0.112077
  0.910381   0.617822   0.182480   0.310871   0.517123
  0.513539   0.534447   0.175733   0.728083   0.603025
  0.183943   0.854963   0.254531   0.602392   0.853353
  0.847595   0.139034   0.093952   0.750251   0.899072
  0.439714   0.587298   0.976430   0.328864   0.959477
  0.070486   0.753711   0.851255   0.220412   0.224129
  0.381725   0.721323   0.098817   0.524569   0.631811
  0.740773   0.808401   0.293999   0.104720   0.988233
  0.446652   0.780043   0.566619   0.047805   0.688884
  0.208991   0.074146   0.394689   0.849807   0.267452
  0.267525   0.751683   0.550218   0.635444   0.791380
  0.716030   0.798490   0.441944   0.019717   0.227915
  0.758281   0.426121   0.578715   0.564988   0.127794
  0.119795   0.940792   0.798100   0.563934   0.909234
  0.120406   0.397474   0.520067   0.736238   0.353124
  0.040039   0.903343   0.879864   0.393145   0.548188
  0.198920   0.081794   0.208871   0.515832   0.886489
  0.736908   0.452569   0.834393   0.935593   0.268341
  0.697708   0.282775   0.621505   0.909172   0.589339
  0.372396   0.609292   0.051093   0.783770   0.976205
  0.877286   0.647236   0.622479   0.467678   0.081956
  0.518767   0.434213   0.663965   0.296963   0.036307
  0.483210   0.996487   0.344130   0.767308   0.219514
  0.743017   0.932359   0.722232   0.309113   0.904856
  0.893104   0.463079   0.427322   0.384653   0.734181
  0.646874   0.571648   0.724378   0.769419   0.984072
  0.213680   0.965889   0.112805   0.850091   0.654608
  0.797544   0.831467   0.017684   0.948233   0.800532
  0.366246   0.992733   0.682202   0.711562   0.626960
  0.748296   0.346048   0.598826   0.485388   0.327592
  0.940552   0.442320   0.588389   0.383501   0.622677
  0.328736   0.589084   0.485076   0.654432   0.606764
  0.033841   0.145136   0.319193   0.050893   0.751739
  0.854118   0.212308   0.463288   0.198792   0.914439
  0.386837   0.572325   0.094127   0.301853   0.147525
  0.218249   0.038672   0.747048   0.224528   0.205110
  0.290604   0.268245   0.108577   0.248333   0.990501
  0.472703   0.741609   0.164894   0.181044   0.795631
  0.684334   0.732760   0.199944   0.039895   0.523027
  0.063857   0.933770   0.284411   0.332085   0.232613
  0.533510   0.183548   0.642313   0.592700   0.834444
  0.566689   0.793652   0.845871   0.719610   0.051098
  0.692349   0.144828   0.178696   0.645875   0.293643
  0.992980   0.396964   0.819524   0.356559   0.075073
  0.745595   0.062463   0.448752   0.789517   0.197712
  0.095226   0.181477   0.847072   0.016941   0.788377
  0.852490   0.857324   0.342224   0.738442   0.599361
  0.042539   0.702148   0.717555   0.883139   0.193155
  0.297232   0.398229   0.262266   0.947877   0.387323
  0.728026   0.142925   0.769745   0.973843   0.045397
  0.326147   0.095233   0.797442   0.129970   0.309089
  0.857104   0.438113   0.294275   0.270357   0.845361
  0.832271   0.366642   0.399948   0.927418   0.881666
  0.442960   0.252219   0.974846   0.814432   0.123691
  0.840484   0.482131   0.183585   0.468253   0.525457
  0.590016   0.020263   0.475171   0.968100   0.566739
  0.916926   0.523479   0.572273   0.824667   0.464392
  0.449864   0.320248   0.216408   0.543662   0.579882
  0.205172   0.678951   0.876867   0.499053   0.850148
  0.683543   0.099416   0.861310   0.188495   0.272144
  0.434791   0.709139   0.323905   0.024914   0.260279
  0.470325   0.852421   0.118400   0.860905   0.949385
  0.116979   0.115126   0.537477   0.587039   0.512617
  0.545335   0.501925   0.896443   0.752286   0.229426
  0.598079   0.888924   0.773054   0.694669   0.375929
  0.373919   0.285006   0.341381   0.834391   0.328486
  0.090125   0.579140   0.100315   0.828275   0.667216
  0.543212   0.843966   0.787606   0.610709   0.011216
  0.065081   0.795768   0.731435   0.096227   0.351975
  0.002352   0.555160   0.727371   0.757845   0.835211
  0.622640   0.010563   0.935761   0.020207   0.495359
  0.998119   0.348793   0.247409   0.078700   0.652279
  0.834082   0.704679   0.753216   0.382427   0.506274
  0.715630   0.435857   0.948615   0.905309   0.458669
  0.400565   0.033351   0.243720   0.194052   0.413539
  0.507258   0.688735   0.265525   0.126561   0.080374
  0.637332   0.611623   0.368962   0.385892   0.752456
  0.583335   0.756554   0.050524   0.045120   0.580584
  0.824291   0.343459   0.643707   0.314654   0.584719
  0.788644   0.453664   0.393520   0.185701   0.141804
  0.246733   0.354717   0.695050   0.691947   0.898796
  0.690566   0.388548   0.779516   0.790717   0.465839
  0.809057   0.045662   0.007438   0.955042   0.739055
  0.851459   0.189599   0.222879   0.751795   0.049358
  0.500829   0.310693   0.351478   0.511895   0.829013
  0.774277   0.634993   0.473590   0.806985   0.368409
  0.898750   0.478023   0.706757   0.989217   0.282332
  0.829331   0.557485   0.086059   0.094354   0.657755
  0.642564   0.974744   0.583477   0.340805   0.633439
  0.659713   0.411191   0.418648   0.146871   0.602025
  0.354172   0.891143   0.825728   0.115877   0.179909
  0.387597   0.655645   0.570732   0.582173   0.066182
  0.732394   0.034215   0.095281   0.172681   0.504293
  0.337820   0.866472   0.167618   0.800114   0.409850
  0.317044   0.430502   0.714060   0.882343   0.415549
  0.077470   0.917598   0.939562   0.501601   0.005026
  0.744553   0.777870   0.940952   0.805271   0.692128
  0.459378   0.372895   0.266296   0.613530   0.460886
  0.159729   0.251395   0.214701   0.585337   0.922783
  0.979339   0.592113   0.694359   0.603723   0.591348
  0.926510   0.075447   0.895930   0.374943   0.111925
  0.332936   0.316431   0.359582   0.043221   0.046440
  0.072245   0.466112   0.143572   0.433587   0.165802
  0.588213   0.785171   0.290688   0.627479   0.312231
  0.069844   0.480175   0.213524   0.851956   0.449163
  0.134048   0.761758   0.892124   0.914041   0.480342
  0.411051   0.342943   0.780415   0.415063   0.467809
  0.181840   0.259137   0.396921   0.732274   0.724425
  0.175427   0.966843   0.541867   0.131473   0.663431
  0.418878   0.981800   0.692397   0.009712   0.979227
  0.385001   0.190749   0.852745   0.747074   0.178308
  0.263515   0.800920   0.951879   0.606030   0.240746
  0.886390   0.131628   0.460444   0.327908   0.210741
  0.298132   0.356349   0.177978   0.489156   0.943713
  0.767907   0.265679   0.234230   0.031910   0.895991
  0.670783   0.102588   0.493828   0.593189   0.936427
  0.754555   0.971584   0.700481   0.861500   0.070303
  0.985774   0.978940   0.141347   0.683469   0.828835
  0.503370   0.421755   0.238596   0.420102   0.019873
  0.417906   0.552242   0.494353   0.967072   0.779174
  0.827603   0.109641   0.385352   0.957178   0.582431
  0.273380   0.274374   0.524125   0.626223   0.383713
  0.167107   0.724217   0.020061   0.762917   0.440608
  0.921797   0.963661   0.639628   0.398426   0.184410
  0.600781   0.365241   0.633054   0.972464   0.903360
  0.897405   0.214797   0.960495   0.177880   0.176769
  0.630314   0.485691   0.768308   0.075054   0.814474
  0.406128   0.098102   0.785999   0.759089   0.960395
  0.315281   0.842272   0.228663   0.155826   0.634767
  0.881712   0.913665   0.075783   0.108638   0.446408
  0.318840   0.477651   0.891097   0.274254   0.995851
  0.671387   0.791577   0.561720   0.164468   0.000645
  0.102513   0.531923   0.088486   0.951551   0.661199
  0.526435   0.705499   0.929413   0.816824   0.902197
  0.707280   0.256038   0.206372   0.277272   0.994704
  0.858063   0.220946   0.419175   0.551915   0.079373
  0.943315   0.309819   0.947544   0.295700   0.369510
  0.161807   0.300967   0.556065   0.644102   0.289660
  0.760344   0.889328   0.391193   0.127371   0.454455
  0.555505   0.221108   0.268509   0.825663   0.775412
  0.605309   0.329802   0.966954   0.294373   0.462089
  0.173480   0.255003   0.997971   0.464275   0.007004
  0.170826   0.182468   0.157290   0.358610   0.378818
  0.587115   0.765553   0.453401   0.741038   0.691785
  0.900100   0.123226   0.763779   0.830493   0.097451
  0.463584   0.935361   0.914270   0.029798   0.830927
  0.826813   0.684375   0.691507   0.046492   0.101352
  0.571641   0.520897   0.379449   0.362288   0.738580
  0.186380   0.400387   0.056872   0.159456   0.632157
  0.306521   0.771855   0.671131   0.060804   0.239733
  0.457981   0.896267   0.705950   0.404312   0.050078
  0.061259   0.347474   0.142736   0.246728   0.223717
  0.271861   0.677814   0.627519   0.793198   0.986946
  0.055717   0.509759   0.275611   0.262209   0.890921
  0.430395   0.855199   0.200010   0.740397   0.613092
  0.781378   0.970800   0.870307   0.206996   0.022006
  0.168201   0.155693   0.069770   0.170299   0.230998
  0.532054   0.876365   0.718549   0.677673   0.259628
  0.769228   0.140932   0.065456   0.608407   0.489113
  0.572074   0.878891   0.697222   0.831559   0.058524
  0.118995   0.662517   0.510870   0.591305   0.106393
  0.904339   0.053407   0.678085   0.359368   0.678700
  0.111294   0.450009   0.499979   0.884682   0.742814
  0.301025   0.425513   0.021786   0.371613   0.627726
  0.162333   0.258619   0.998581   0.710118   0.774121
  0.657196   0.790633   0.237149   0.772060   0.646562
  0.691347   0.122495   0.848985   0.069521   0.594236
  0.665495   0.560516   0.055527   0.766427   0.884354
  0.544609   0.546927   0.245815   0.584802   0.241848
  0.136023   0.399751   0.014281   0.197032   0.164493
  0.229839   0.000650   0.138995   0.439321   0.477202
  0.511033   0.246746   0.180897   0.168950   0.203584
  0.078365   0.174089   0.430009   0.794419   0.857717
  0.104519   0.897015   0.567339   0.256748   0.254538
  0.473135   0.007836   0.117753   0.663647   0.826516
  0.458340   0.410419   0.703851   0.462748   0.295090
  0.925670   0.011061   0.957589   0.347844   0.893669
  0.164580   0.373087   0.198629   0.399104   0.518976
  0.043395   0.238430   0.366248   0.180201   0.889224
  0.258675   0.504732   0.609112   0.199279   0.507129
  0.286359   0.121482   0.548324   0.826028   0.354829
  0.124722   0.614773   0.403943   0.412636   0.441728
  0.172550   0.273856   0.730598   0.008049   0.453763
  0.554315   0.562365   0.305400   0.191991   0.305999
  0.222620   0.522398   0.994150   0.835421   0.869284
  0.195854   0.645144   0.596817   0.897275   0.253984
  0.217911   0.755128   0.599495   0.576930   0.815928
  0.833361   0.355080   0.429273   0.074143   0.326609
  0.497197   0.037580   0.252661   0.920543   0.009096
  0.815595   0.012274   0.380141   0.640125   0.290835
  0.755447   0.117580   0.484017   0.111916   0.801787
  0.478127   0.186300   0.042719   0.418587   0.491541
  0.133472   0.449375   0.794403   0.864710   0.073089
  0.240484   0.824162   0.853778   0.923609   0.721455
  0.784026   0.575003   0.002685   0.720350   0.732698
  0.585668   0.176536   0.726157   0.151680   0.024916
  0.766364   0.043192   0.303633   0.629028   0.436080
  0.819076   0.544203   0.377577   0.949501   0.612782
  0.017430   0.599346   0.737201   0.013536   0.245900
  0.635871   0.459000   0.357332   0.444101   0.276537
  0.209185   0.582172   0.677797   0.325638   0.693500
  0.016069   0.108587   0.981246   0.448472   0.760160
  0.086353   0.995764   0.502233   0.730344   0.069667
  0.365574   0.948314   0.503185   0.801939   0.784936
  0.230140   0.640459   0.757285   0.203486   0.699997
  0.363823   0.061136   0.533201   0.575661   0.014636
  0.281773   0.836064   0.059017   0.405021   0.183942
  0.527428   0.539488   0.514164   0.944501   0.431820
  0.498188   0.313891   0.030332   0.313613   0.802465
  0.853699   0.021909   0.422721   0.896568   0.503737
  0.356632   0.569797   0.648315   0.323006   0.920048
  0.163207   0.164114   0.340027   0.239407   0.347319
  0.390524   0.039371   0.651485   0.932299   0.032878
  0.848271   0.136464   0.195046   0.311930   0.516666
  0.686325   0.679320   0.411871   0.344254   0.840149
  0.628089   0.172694   0.595060   0.394371   0.754609
  0.357874   0.084675   0.313619   0.095474   0.852110
  0.121962   0.958583   0.058666   0.792061   0.389711
  0.283754   0.928187   0.174626   0.594631   0.349614
  0.045700   0.283439   0.792008   0.623811   0.060257
  0.515755   0.668001   0.799663   0.088915   0.609794
  0.661826   0.163942   0.672110   0.648360   0.169274
  0.384461   0.822958   0.049137   0.038364   0.422925
  0.364488   0.636843   0.746153   0.375431   0.505165
  0.248861   0.786611   0.890616   0.875378   0.842667
  0.597389   0.742050   0.555090   0.748785   0.713463
  0.846024   0.001120   0.006367   0.508430   0.888798
  0.461420   0.675996   0.039428   0.034576   0.871759
  0.528860   0.921275   0.078261   0.316975   0.970005
  0.467535   0.441076   0.835978   0.318968   0.684537
  0.775080   0.290780   0.710695   0.724490   0.921579
  0.242148   0.382007   0.320743   0.363987   0.827434
  0.990806   0.231338   0.360926   0.286589   0.113339
  0.949465   0.563776   0.431877   0.465528   0.648863
  0.203828   0.104719   0.820715   0.252074   0.331467
  0.813681   0.119076   0.330075   0.306704   0.185578
  0.734261   0.535687   0.114561   0.777905   0.937645
  0.192069   0.286300   0.306364   0.222379   0.630267
  0.594133   0.740761   0.370830   0.634604   0.999222
  0.088257   0.884245   0.795921   0.754179   0.891787
  0.864017   0.083035   0.478974   0.915262   0.439979
  0.779501   0.432955   0.708957   0.049119   0.605288
  0.211199   0.325431   0.486756   0.633585   0.015630
  0.647981   0.064080   0.158734   0.817845   0.115704
  0.999511   0.484826   0.420976   0.731169   0.549692
  0.142124   0.306727   0.993433   0.737354   0.883513
  0.722885   0.125666   0.777053   0.427456   0.992198
  0.677129   0.333459   0.281032   0.988345   0.744613
  0.225388   0.105621   0.812733   0.000829   0.432676
  0.320479   0.330090   0.273343   0.463794   0.429352
  0.187567   0.801132   0.629433   0.791083   0.020633
  0.804542   0.820490   0.490454   0.006559   0.421427
  0.714466   0.151824   0.865548   0.421109   0.150179
  0.492705   0.206473   0.469092   0.085579   0.043480
  0.917504   0.281593   0.832769   0.466189   0.819685
  0.436889   0.269530   0.024292   0.320073   0.969199
  0.277313   0.505719   0.279909   0.226043   0.215678
  0.019546   0.517698   0.988024   0.758530   0.717540
  0.349338   0.683133   0.278205   0.605019   0.493043
  0.930419   0.532003   0.272412   0.704762   0.737208
  0.376624   0.296850   0.742477   0.908199   0.360266
  0.398032   0.869027   0.645644   0.288729   0.644988
  0.579912   0.063971   0.762349   0.176158   0.301467
  0.602717   0.049989   0.641027   0.434941   0.900097
  0.394602   0.597317   0.032822   0.943965   0.620127
  0.675263   0.610253   0.745830   0.531925   0.806116
  0.071477   0.352791   0.318086   0.271651   0.628938
  0.787717   0.264658   0.788137   0.787007   0.669241
  0.123528   0.730150   0.295129   0.123774   0.769970
  0.232389   0.691492   0.156798   0.779692   0.836995
  0.700378   0.838035   0.091589   0.476363   0.487936
  0.035765   0.652842   0.082567   0.844976   0.560688
  0.611826   0.950460   0.350672   0.334074   0.991967
  0.128009   0.939862   0.137081   0.300927   0.818457
  0.424235   0.551512   0.483867   0.510051   0.364790
  0.083146   0.936848   0.713176   0.820264   0.186197
  0.191267   0.659328   0.353781   0.367942   0.939965
  0.794537   0.874196   0.954790   0.509967   0.426272
  0.662527   0.379825   0.953403   0.880427   0.469884
  0.941588   0.302282   0.339115   0.426151   0.619496
  0.735997   0.518656   0.384326   0.977939   0.397018
  0.915799   0.603960   0.131353   0.352193   0.924248
  0.752512   0.648877   0.256460   0.887898   0.981705
  0.237432   0.870802   0.800711   0.023547   0.958767
  0.122447   0.132022   0.120337   0.112322   0.249321
  0.709461   0.602669   0.857325   0.780894   0.363410
  0.044755   0.865501   0.683372   0.682318   0.522500
  0.274896   0.644039   0.365995   0.953078   0.696513
  0.009799   0.882090   0.155344   0.436763   0.756245
  0.564568   0.848681   0.830200   0.118191   0.357033
  0.037617   0.672030   0.617849   0.234865   0.538161
  0.654193   0.391633   0.698720   0.545162   0.749482
  0.073455   0.392327   0.904498   0.519940   0.333258
  0.947914   0.266998   0.661397   0.150379   0.390231
  0.445795   0.009396   0.149349   0.493308   0.033752
  0.952329   0.797285   0.314427   0.166517   0.864443
  0.219662   0.229821   0.033989   0.201908   0.530083
  0.149996   0.042300   0.438009   0.297658   0.119883
  0.280849   0.004269   0.931581   0.651098   0.041683
  0.343348   0.654374   0.945345   0.369918   0.038838
  0.099583   0.076374   0.376561   0.867244   0.809357
  0.842895   0.085497   0.610151   0.289328   0.074505
  0.614476   0.938054   0.534027   0.523492   0.497985
  0.174793   0.885389   0.817631   0.942414   0.977952
  0.079906   0.057315   0.387272   0.254925   0.445663
  0.685435   0.642342   0.837818   0.811026   0.743267
  0.810729   0.567767   0.374969   0.443609   0.100369
  0.165533   0.168659   0.423649   0.265654   0.120075
  0.243062   0.837098   0.187068   0.173483   0.704910
  0.125058   0.361671   0.015379   0.417359   0.689336
  0.180400   0.370222   0.259346   0.453733   0.405277
  0.060987   0.666965   0.915205   0.687546   0.941523
  0.420222   0.496054   0.568389   0.712197   0.555206
  0.959917   0.305320   0.721160   0.946590   0.143845
  0.944134   0.070409   0.873471   0.862847   0.129931
  0.004235   0.223038   0.466040   0.586487   0.483768
  0.768483   0.877488   0.964848   0.233894   0.748925
  0.516480   0.816176   0.707777   0.285921   0.264485
  0.711941   0.334349   0.967519   0.999534   0.294326
  0.388379   0.277425   0.467529   0.934726   0.231656
  0.704144   0.681741   0.139974   0.539776   0.766698
  0.922018   0.357320   0.913063   0.071775   0.094811
  0.058619   0.900178   0.107418   0.283245   0.547117
  0.741220   0.674173   0.750247   0.505470   0.510234
  0.606919   0.288034   0.226242   0.338767   0.593144
  0.733368   0.540758   0.872838   0.863663   0.701365
  0.426405   0.586458   0.447853   0.815298   0.148716
  0.440299   0.431025   0.519211   0.204324   0.006081
  0.097755   0.543924   0.097649   0.649478   0.348783
  0.694412   0.344576   0.325309   0.282387   0.745239
  0.114069   0.915033   0.333603   0.354743   0.564295
  0.247352   0.942642   0.022684   0.518795   0.414639
  0.021223   0.460711   0.292994   0.269346   0.270363
  0.828024   0.360612   0.927481   0.124861   0.781577
  0.674317   0.955930   0.235519   0.304437   0.786697
  0.902614   0.322173   0.767887   0.035565   0.588676
  0.333596   0.128970   0.734763   0.588289   0.528252
  0.013457   0.263094   0.269849   0.659490   0.966106
  0.296873   0.862773   0.990647   0.391721   0.450087
  0.931160   0.429428   0.102921   0.595574   0.063002
  0.967403   0.864933   0.253576   0.871870   0.062040
  0.433909   0.422171   0.704869   0.012547   0.953671
  0.493835   0.106320   0.390645   0.877404   0.825012
  0.481494   0.497404   0.386384   0.054486   0.406088
  0.402661   0.772286   0.920877   0.557248   0.468153
  0.049419   0.527354   0.764356   0.838917   0.145209
  0.739286   0.232489   0.996005   0.065474   0.867038
  0.601479   0.178235   0.267599   0.446938   0.059453
  0.556456   0.969755   0.019749   0.658336   0.298925
  0.334606   0.919974   0.586064   0.982255   0.930533
  0.570142   0.899244   0.628482   0.840293   0.658111
  0.380221   0.166132   0.958603   0.931536   0.787881
  0.494134   0.770591   0.766044   0.922321   0.574667
  0.981901   0.512617   0.362363   0.744021   0.128252
  0.542361   0.667112   0.001516   0.064025   0.860818
  0.403366   0.875323   0.132111   0.546941   0.837551
  0.265512   0.650914   0.381465   0.471871   0.207770
  0.251635   0.578891   0.274437   0.042801   0.438038
  0.352837   0.387108   0.811773   0.998614   0.190790
  0.607173   0.024275   0.864328   0.350397   0.987536
  0.795075   0.227124   0.720145   0.472252   0.274313
  0.081198   0.236628   0.219291   0.403169   0.735688
  0.428372   0.595317   0.630588   0.302050   0.750046
  0.871385   0.297753   0.512700   0.098637   0.513109
  0.182023   0.213867   0.654232   0.141135   0.955775
  0.496082   0.412361   0.831773   0.642059   0.938396
  0.620847   0.506998   0.307631   0.615607   0.168567
  0.652804   0.972658   0.829521   0.984732   0.978451
  0.327815   0.097575   0.606883   0.895931   0.065862
  0.663517   0.161289   0.918912   0.081910   0.408630
  0.053085   0.169041   0.128310   0.581470   0.031415
  0.845787   0.287514   0.874258   0.535023   0.820351
  0.282138   0.448726   0.803158   0.975215   0.997891
  0.534568   0.931512   0.901625   0.416351   0.420708
  0.761247   0.490429   0.119284   0.321621   0.876689
  0.284704   0.734124   0.618511   0.589163   0.608155
  0.575786   0.941287   0.152098   0.544137   0.104230
  0.340888   0.025556   0.280982   0.232627   0.813670
  0.466480   0.584565   0.576626   0.202334   0.637850
  0.059049   0.481460   0.105926   0.960833   0.303904
  0.799488   0.901153   0.527697   0.353386   0.715794
  0.923441   0.353520   0.916463   0.756700   0.729949
  0.476133   0.847159   0.334434   0.425839   0.211441
  0.256936   0.818628   0.600279   0.026132   0.437901
  0.324902   0.116848   0.172311   0.154774   0.989588
  0.965352   0.170932   0.239731   0.169542   0.753131
  0.414701   0.113125   0.471804   0.985428   0.336552
  0.460945   0.745908   0.012753   0.600224   0.500655
  0.669677   0.323035   0.282280   0.407853   0.716460
  0.894257   0.690165   0.218755   0.473543   0.700226
  0.993797   0.204816   0.634315   0.245394   0.968663
  0.383503   0.244697   0.635536   0.339285   0.703856
  0.855189   0.750428   0.000891   0.899191   0.300860
  0.721685   0.389035   0.679722   0.136866   0.053246
  0.633869   0.997493   0.816661   0.621900   0.452902
  0.006810   0.976154   0.160034   0.445515   0.680115
  0.028950   0.984509   0.950912   0.888731   0.623574
  0.196650   0.111562   0.023642   0.900991   0.531806
  0.726858   0.270591   0.052158   0.879978   0.712452
  0.401724   0.630915   0.907451   0.238475   0.346229
  0.490322   0.529396   0.711845   0.727624   0.317701
  0.649997   0.706218   0.589807   0.980181   0.061824
  0.802306   0.191683   0.517547   0.689073   0.048645
  0.655500   0.390868   0.841373   0.773814   0.222279
  0.127627   0.284731   0.417773   0.437192   0.266669
  0.927194   0.962781   0.649297   0.667047   0.765453
  0.001141   0.695186   0.170307   0.460542   0.544990
  0.869349   0.541038   0.740030   0.671474   0.287692
  0.756453   0.908180   0.162163   0.200399   0.180101
  0.166823   0.627867   0.089745   0.430424   0.067178
  0.076513   0.234939   0.011699   0.381574   0.008391
  0.612378   0.415927   0.523853   0.370864   0.140500
  0.480720   0.680666   0.946064   0.442367   0.610897
  0.506477   0.825905   0.936272   0.212738   0.281348
  0.773931   0.143182   0.099422   0.940382   0.302829
  0.725404   0.419786   0.461774   0.796357   0.427708
  0.339358   0.812291   0.402777   0.570131   0.297426
  0.644363   0.588346   0.115528   0.881170   0.344387
  0.224582   0.737849   0.810641   0.786028   0.177371
  0.522001   0.583058   0.080724   0.326568   0.761531
  0.212737   0.747486   0.662719   0.100085   0.171363
  0.319077   0.374297   0.492088   0.990603   0.542604
  0.624499   0.960360   0.277659   0.337412   0.670412
  0.005711   0.880493   0.133603   0.099006   0.034830
  0.719629   0.924076   0.027369   0.235438   0.773249
  0.130575   0.165430   0.285615   0.521323   0.586210
  0.991125   0.784839   0.620528   0.290299   0.213994
  0.918654   0.542655   0.938146   0.037139   0.206788
  0.928762   0.194318   0.232443   0.503345   0.472969
  0.444654   0.832741   0.255498   0.001288   0.158395
  0.335885   0.219865   0.505121   0.768118   0.910730
  0.950966   0.905303   0.509627   0.695900   0.947919
  0.712295   0.947184   0.261741   0.458946   0.044382
  0.325910   0.185603   0.220160   0.827304   0.283574
  0.146445   0.649718   0.949913   0.807228   0.511163
  0.638783   0.205221   0.655796   0.072911   0.585879
  0.942223   0.806340   0.930524   0.187782   0.861414
  0.987381   0.440708   0.327793   0.486179   0.138075
  0.207347   0.211124   0.317886   0.734153   0.789721
  0.413099   0.217719   0.594998   0.906418   0.098602
  0.888404   0.467344   0.036116   0.941664   0.974967
  0.938371   0.782433   0.900517   0.025030   0.110882
  0.563186   0.646115   0.084924   0.798022   0.913698
  0.452143   0.405969   0.457202   0.987221   0.545419
  0.027017   0.863363   0.192886   0.916809   0.047040
  0.723680   0.077483   0.516792   0.441405   0.762082
  0.578831   0.701147   0.571667   0.266752   0.037948
  0.529879   0.371723   0.690176   0.829352   0.563890
  0.046560   0.197188   0.774167   0.268467   0.099333
  0.188644   0.604906   0.644888   0.080322   0.018185
  0.640963   0.278994   0.889813   0.388508   0.341341
  0.253308   0.026371   0.241114   0.907398   0.410640
  0.024326   0.201515   0.316362   0.995863   0.285748
  0.839257   0.395952   0.348004   0.609175   0.195874
  0.996072   0.483954   0.288533   0.929210   0.052749
  0.909190   0.536013   0.796299   0.406813   0.035363
  0.782113   0.192725   0.772031   0.857962   0.235178
  0.885713   0.130445   0.299604   0.693065   0.905637
  0.156883   0.472163   0.481122   0.215008   0.596774
  0.698492   0.295583   0.699280   0.765254   0.021292
  0.803965   0.272705   0.646881   0.540584   0.575668
  0.362008   0.736493   0.224216   0.673248   0.461798
  0.762851   0.493047   0.664115   0.488041   0.117210
  0.117032   0.040050   0.839927   0.411908   0.844187
  0.764021   0.403446   0.426126   0.079979   0.767584
  0.345778   0.682480   0.738471   0.030400   0.962861
  0.908172   0.394272   0.244676   0.086783   0.078918
  0.718320   0.685711   0.289316   0.487087   0.790794
  0.688324   0.019883   0.592146   0.389293   0.234919
  0.777600   0.811280   0.911191   0.926000   0.105214
  0.249565   0.802565   0.500431   0.267053   0.846528
  0.968180   0.834582   0.719416   0.135994   0.719646
  0.310461   0.233482   0.129238   0.183366   0.494149
  0.375635   0.994514   0.658430   0.431783   0.816430
  0.765453   0.280599   0.669239   0.456123   0.271407
  0.361471   0.437878   0.310596   0.685089   0.642611
  0.861892   0.068200   0.452955   0.364116   0.923256
  0.731756   0.975675   0.783856   0.223918   0.095646
  0.687948   0.358779   0.309367   0.665467   0.029419
  0.074136   0.187272   0.163929   0.278405   0.434862
  0.138137   0.570465   0.415634   0.979631   0.651202
  0.275884   0.253984   0.433800   0.554734   0.455444
  0.389637   0.574920   0.101547   0.853372   0.601092
  0.304351   0.726858   0.894066   0.662339   0.611218
  0.416745   0.596591   0.515708   0.670285   0.335633
  0.841957   0.312680   0.067052   0.478659   0.486161
  0.054154   0.653458   0.364449   0.063880   0.174306
  0.489181   0.303299   0.944472   0.450547   0.107340
  0.193901   0.082454   0.337183   0.709160   0.571224
  0.778562   0.849806   0.601317   0.171768   0.324086
  0.540246   0.385707   0.331943   0.093762   0.964970
  0.884190   0.491911   0.215512   0.954380   0.870861
  0.482695   0.988346   0.926778   0.105192   0.401529
  0.003379   0.089177   0.991180   0.481599   0.188354
  0.535563   0.336863   0.532505   0.139554   0.225778
  0.873925   0.918336   0.751119   0.924212   0.208787
  0.031701   0.703565   0.545533   0.219958   0.975714
  0.300261   0.427475   0.205346   0.958615   0.416103
  0.103395   0.628757   0.910927   0.873863   0.216433
  0.252774   0.635413   0.392675   0.578277   0.084091
  0.693404   0.805939   0.696188   0.886017   0.681318
  0.451384   0.892858   0.230082   0.818979   0.151295
  0.393415   0.446806   0.406097   0.276665   0.042625
  0.441676   0.096232   0.372456   0.317427   0.794016
  0.096369   0.508078   0.122206   0.378591   0.096277
  0.257849   0.456130   0.781668   0.812446   0.957633
  0.986450   0.171376   0.445487   0.207256   0.199804
  0.708734   0.091306   0.775673   0.910404   0.381300
  0.951160   0.549999   0.507331   0.140623   0.570337
  0.215283   0.980512   0.884771   0.361344   0.685756
  0.022170   0.350322   0.905498   0.257301   0.526021
  0.501677   0.341154   0.866820   0.174150   0.676106
  0.632747   0.018356   0.332697   0.153986   0.252798
  0.817363   0.890416   0.136902   0.216531   0.911833
  0.447115   0.528952   0.436726   0.178581   0.565792
  0.816425   0.871775   0.260312   0.130430   0.880644
  0.422693   0.883106   0.111473   0.281551   0.643343
  0.227545   0.879732   0.388614   0.936870   0.366711
  0.593468   0.841853   0.709617   0.210754   0.598001
  0.115689   0.676724   0.897334   0.930461   0.782668
